92 94 10
107 32 10
95 112 10
68 246 10
83 258 10
282 529 10
102 503 10
98 445 10
84 111 9
115 66 9
84 40 9
126 94 9
95 240 9
121 471 9
114 56 8
54 369 8
267 470 8
284 294 8
226 170 8
144 241 8
146 57 7
49 272 7
140 405 7
139 346 7
69 271 7
56 60 7
99 59 7
121 431 7
313 545 7
196 477 7
90 274 7
280 120 7
247 516 7
87 100 6
83 61 6
37 203 6
249 341 6
77 257 6
75 292 6
127 295 6
90 387 6
87 500 5
48 13 5
212 531 5
187 115 5
45 290 4
45 221 4
63 93 4
61 135 4
102 326 4
55 438 4
186 292 3
230 131 3
104 89 3
87 78 3
97 30 3
105 104 3
85 123 3
91 247 3
65 238 3
72 263 3
127 378 3
159 454 3
107 495 3
216 109 3
102 46 2
98 102 2
99 74 2
77 249 2
78 279 2
116 449 2
110 407 2
125 397 2
179 341 2
128 334 2
217 151 1
266 529 1
276 510 1
259 490 1
198 470 1
133 443 1
138 251 1
155 304 1
92 51 1
101 40 1
126 46 1
111 81 1
94 109 1
86 91 1
92 69 1
143 100 4
182 102 6
214 120 4
152 484 3
206 453 3
196 282 3
228 304 3
54 350 3
66 386 3
40 422 3
